00000000000000000001000010110111
00000000001000001000000100010011
00000000011000010000000110010011
00000000001000011001001000010011
00000000000000000001001010110111
00000000011000101000001110010011
01000000001000001000000000110011
01000000001100010000000010110011
00000000011100011000010000110011
00000000000001000010000000100011
01000000001000001000000000110011
01000000001000001000001100110011
01000000001100001000001000110011
01000000001000001000000000110011
01000000000000010000001000110011
01000000000100001000000000110011
00000000001001000010001010000011
00000000000000000000000000000000
00000000000000000000000000000000
00000000000000000000000000000000
00000000000000000000000000000000
00000000000000000000000000000000
00000000000000000000000000000000
00000000000000000000000000000000
00000000000000000000000000000000
00000000000000000000000000000000
00000000000000000000000000000000
00000000000000000000000000000000
00000000000000000000000000000000
00000000000000000000000000000000
00000000000000000000000000000000
00000000000000000000000000000000
00000000000000000000000000000000
00000000000000000000000000000000
00000000000000000000000000000000
00000000000000000000000000000000
00000000000000000000000000000000
00000000000000000000000000000000
00000000000000000000000000000000
00000000000000000000000000000000
00000000000000000000000000000000
